1 0 0.1
2 0.005 0.1
3 0.01 0.1
4 0.015 0.1
5 0.02 0.1
6 0.025 0.1
7 0.03 0.1
8 0.035 0.1
9 0.04 0.1
1 0 0.1
2 0.005 0.1
3 0.01 0.1
4 0.015 0.1
5 0.02 0.1
6 0.025 0.1
7 0.032 0.11125
8 0.037 0.1225
9 0.04 0.13375
10 0.0425 0.145
11 0.045 0.15625
12 0.047 0.1675
13 0.049 0.17875
14 0.0494 0.1915
15 0.049 0.20625
16 0.047 0.2175
17 0.045 0.22875
18 0.0425 0.24
19 0.04 0.25125
20 0.037 0.2625
21 0.032 0.27375
22 0.025 0.285
23 0.018 0.27375
24 0.013 0.2625
25 0.01 0.25125
26 0.0075 0.24
27 0.005 0.22875
28 0.003 0.2175
29 0.001 0.20625
30 0.0006 0.1915
31 0.001 0.17875
32 0.003 0.1675
33 0.005 0.15625
34 0.0075 0.145
35 0.01 0.13375
36 0.013 0.1225
37 0.018 0.11125
38 0.025 0.1
39 0.03 0.1
40 0.035 0.1
41 0.04 0.1
42 0.045 0.1
43 0.05 0.1
1 0 0.1
2 0.005 0.1
3 0.005 0.1185
4 0.005 0.137
5 0.005 0.1555
6 0.005 0.174
7 0.005 0.1925
8 0.005 0.211
9 0.005 0.2295
10 0.005 0.248
11 0.005 0.2665
12 0.005 0.285
13 0.005 0.2665
14 0.005 0.248
15 0.005 0.2295
16 0.005 0.211
17 0.005 0.1925
18 0.005 0.174
19 0.005 0.1555
20 0.005 0.137
21 0.005 0.1185
22 0.005 0.1
23 0.01 0.1
1 0 0.1
2 0.005 0.1
3 0.01 0.1
4 0.005 0.1
5 0.0104 0.122
6 0.0158 0.144
7 0.0212 0.166
8 0.0266 0.188
9 0.032 0.21
10 0.036 0.225
11 0.0385 0.24
12 0.039 0.255
13 0.0375 0.265
14 0.0345 0.275
15 0.031 0.281
16 0.0265 0.2845
17 0.0225 0.285
18 0.0185 0.2845
19 0.014 0.281
20 0.0105 0.275
21 0.0075 0.265
22 0.005 0.255
23 0.0075 0.265
24 0.0105 0.275
25 0.014 0.281
26 0.0185 0.2845
27 0.0225 0.285
28 0.0265 0.2845
29 0.031 0.281
30 0.0345 0.275
31 0.0375 0.265
32 0.039 0.255
33 0.0385 0.24
34 0.036 0.225
35 0.032 0.21
36 0.0266 0.188
37 0.0212 0.166
38 0.0158 0.144
39 0.0104 0.122
40 0.005 0.1
41 0.01 0.1
42 0.015 0.1
43 0.02 0.1
44 0.025 0.1
45 0.03 0.1
46 0.035 0.1
47 0.04 0.1
48 0.045 0.1
49 0.045 0.1
50 0.05 0.125
51 0.05 0.1
52 0.055 0.1
1 0 0.1
2 0.005 0.1
3 0.01 0.1
4 0.015 0.1
5 0.02 0.1
6 0.02 0.1
7 0.024 0.1005
8 0.0285 0.104
9 0.032 0.11
10 0.035 0.12
11 0.0365 0.13
12 0.036 0.145
13 0.0335 0.16
14 0.028 0.175
15 0.02 0.2
16 0.015 0.2
17 0.02 0.2
18 0.0295 0.21
19 0.0335 0.225
20 0.036 0.24
21 0.0365 0.255
22 0.035 0.265
23 0.032 0.275
24 0.0285 0.281
25 0.024 0.2845
26 0.02 0.285
27 0.016 0.2845
28 0.0115 0.281
29 0.008 0.275
30 0.005 0.265
31 0.0025 0.255
32 0.005 0.265
33 0.008 0.275
34 0.0115 0.281
35 0.016 0.2845
36 0.02 0.285
37 0.024 0.2845
38 0.0285 0.281
39 0.032 0.275
40 0.035 0.265
41 0.0365 0.255
42 0.036 0.24
43 0.0335 0.225
44 0.0295 0.21
45 0.02 0.2
46 0.015 0.2
47 0.02 0.2
48 0.028 0.175
49 0.0335 0.16
50 0.036 0.145
51 0.0365 0.13
52 0.035 0.12
53 0.032 0.11
54 0.0285 0.104
55 0.024 0.1005
56 0.02 0.1
57 0.016 0.1005
58 0.0115 0.104
59 0.008 0.11
60 0.005 0.12
61 0.0025 0.13
62 0 0.141
63 0.0025 0.13
64 0.005 0.12
65 0.008 0.11
66 0.0115 0.104
67 0.016 0.1005
68 0.02 0.1
69 0.02 0.1
70 0.025 0.1
71 0.03 0.1
72 0.035 0.1
73 0.04 0.1
1 0 0.1
2 0.005 0.1
3 0.01 0.1
4 0.015 0.1
5 0.02 0.1
6 0.025 0.1
7 0.03 0.1
8 0.035 0.1
9 0.035 0.12
10 0.035 0.14
11 0.035 0.16
12 0.035 0.18
13 0.035 0.1925
14 0.03 0.1925
15 0.025 0.1925
16 0.02 0.1925
17 0.015 0.1925
18 0.01 0.1925
19 0.004 0.1925
20 0.005 0.2
21 0.005 0.22
22 0.005 0.24
23 0.005 0.26
24 0.005 0.28
25 0.005 0.285
26 0.005 0.28
27 0.005 0.26
28 0.005 0.24
29 0.005 0.22
30 0.005 0.2
31 0.005 0.1925
32 0.01 0.1925
33 0.015 0.1925
34 0.02 0.1925
35 0.025 0.1925
36 0.03 0.1925
37 0.035 0.1925
38 0.04 0.1925
39 0.0475 0.1925
40 0.055 0.1925
41 0.0475 0.1925
42 0.04 0.1925
43 0.035 0.1925
44 0.035 0.2
45 0.035 0.22
46 0.035 0.24
47 0.035 0.26
48 0.035 0.28
49 0.035 0.285
50 0.035 0.28
51 0.035 0.26
52 0.035 0.24
53 0.035 0.22
54 0.035 0.2
55 0.035 0.1925
56 0.035 0.18
57 0.035 0.16
58 0.035 0.14
59 0.035 0.12
60 0.035 0.1
61 0.04 0.1
62 0.045 0.1
63 0.05 0.1
64 0.055 0.1
65 0.06 0.1
1 0 0.1
2 0.005 0.1
3 0.01 0.1
4 0.015 0.1
5 0.02 0.1
6 0.025 0.1
7 0.025 0.105
8 0.029 0.1055
9 0.0335 0.109
10 0.037 0.115
11 0.04 0.125
12 0.0415 0.135
13 0.042 0.15
14 0.041 0.17
15 0.0385 0.185
16 0.033 0.2
17 0.025 0.213
18 0.016 0.212
19 0.008 0.209
20 0.009 0.228
21 0.01 0.247
22 0.011 0.266
23 0.012 0.285
24 0.017 0.285
25 0.022 0.285
26 0.027 0.285
27 0.032 0.285
28 0.04 0.285
29 0.047 0.285
30 0.04 0.285
31 0.032 0.285
32 0.027 0.285
33 0.022 0.285
34 0.017 0.285
35 0.012 0.285
36 0.011 0.266
37 0.01 0.247
38 0.009 0.228
39 0.008 0.209
40 0.016 0.212
41 0.025 0.213
42 0.033 0.2
43 0.0385 0.185
44 0.041 0.17
45 0.042 0.15
46 0.0415 0.135
47 0.04 0.125
48 0.037 0.115
49 0.0335 0.109
50 0.029 0.1055
51 0.025 0.105
52 0.021 0.1055
53 0.0165 0.109
54 0.013 0.115
55 0.01 0.12
56 0.0075 0.128
57 0.0045 0.143
58 0.0075 0.128
59 0.01 0.12
60 0.013 0.115
61 0.0165 0.109
62 0.021 0.1055
63 0.025 0.105
64 0.025 0.1
65 0.03 0.1
66 0.035 0.1
67 0.04 0.1
68 0.045 0.1
69 0.05 0.1
1 0 0.1
2 0.005 0.1
3 0.01 0.1
4 0.015 0.1
5 0.02 0.1
6 0.025 0.1
7 0.021 0.105
8 0.025 0.1055
9 0.0295 0.109
10 0.033 0.115
11 0.036 0.125
12 0.0375 0.135
13 0.037 0.15
14 0.0345 0.165
15 0.03 0.18
16 0.026 0.188
17 0.021 0.19
18 0.016 0.188
19 0.026 0.188
20 0.021 0.19
21 0.016 0.188
22 0.012 0.18
23 0.0075 0.165
24 0.005 0.15
25 0.0066 0.1635
26 0.0082 0.177
27 0.0098 0.1905
28 0.0114 0.204
29 0.013 0.2175
30 0.0146 0.231
31 0.0162 0.2445
32 0.0178 0.258
33 0.0194 0.2715
34 0.021 0.285
35 0.0194 0.2715
36 0.0178 0.258
37 0.0162 0.2445
38 0.0146 0.231
39 0.013 0.2175
40 0.0114 0.204
41 0.0098 0.1905
42 0.0082 0.177
43 0.0066 0.1635
44 0.005 0.15
45 0.0045 0.135
46 0.006 0.125
47 0.009 0.115
48 0.0125 0.109
49 0.017 0.1055
50 0.021 0.105
51 0.025 0.1
52 0.03 0.1
53 0.035 0.1
54 0.04 0.1
1 0 0.1
2 0.005 0.1
3 0.01 0.1
4 0.013 0.1185
5 0.016 0.137
6 0.019 0.1555
7 0.022 0.174
8 0.025 0.1925
9 0.028 0.211
10 0.031 0.2295
11 0.034 0.248
12 0.037 0.2665
13 0.04 0.285
14 0.035625 0.285
15 0.03125 0.285
16 0.026875 0.285
17 0.0225 0.285
18 0.018125 0.285
19 0.01375 0.285
20 0.009375 0.285
21 0.0025 0.285
22 0.009375 0.285
23 0.01375 0.285
24 0.018125 0.285
25 0.0225 0.285
26 0.026875 0.285
27 0.03125 0.285
28 0.035625 0.285
29 0.04 0.285
30 0.037 0.2665
31 0.034 0.248
32 0.031 0.2295
33 0.028 0.211
34 0.025 0.1925
35 0.022 0.174
36 0.019 0.1555
37 0.016 0.137
38 0.013 0.1185
39 0.01 0.1
40 0.015 0.1
41 0.02 0.1
42 0.025 0.1
43 0.03 0.1
44 0.035 0.1
45 0.04 0.1
46 0.045 0.1
1 0 0.1
2 0.005 0.1
3 0.01 0.1
4 0.015 0.1
5 0.02 0.1
6 0.02 0.105
7 0.024 0.1055
8 0.0285 0.109
9 0.032 0.115
10 0.035 0.125
11 0.0365 0.135
12 0.036 0.15
13 0.0335 0.165
14 0.029 0.18
15 0.025 0.195
16 0.02 0.195
17 0.015 0.195
18 0.0105 0.21
19 0.0065 0.225
20 0.004 0.24
21 0.0035 0.255
22 0.005 0.265
23 0.008 0.275
24 0.0115 0.281
25 0.016 0.2845
26 0.02 0.285
27 0.024 0.2845
28 0.0285 0.281
29 0.032 0.275
30 0.035 0.265
31 0.0365 0.255
32 0.036 0.24
33 0.0335 0.225
34 0.0295 0.21
35 0.025 0.195
36 0.02 0.195
37 0.015 0.195
38 0.011 0.18
39 0.0065 0.165
40 0.004 0.15
41 0.0035 0.135
42 0.005 0.125
43 0.008 0.115
44 0.0115 0.109
45 0.016 0.1055
46 0.02 0.105
47 0.02 0.1
48 0.025 0.1
49 0.03 0.1
50 0.035 0.1
51 0.04 0.1
1 0 0.1
2 0.005 0.1
3 0.01 0.1
4 0.015 0.1
5 0.02 0.1
6 0.025 0.1
7 0.03 0.1
8 0.035 0.1
9 0.038 0.1
10 0.038 0.12
11 0.038 0.14
12 0.038 0.16
13 0.038 0.18
14 0.038 0.2
15 0.038 0.22
16 0.038 0.24
17 0.035 0.225
18 0.031 0.21
19 0.0215 0.2
20 0.012 0.21
21 0.008 0.225
22 0.0055 0.24
23 0.005 0.255
24 0.0065 0.265
25 0.0095 0.275
26 0.013 0.281
27 0.0175 0.2845
28 0.0215 0.285
29 0.0255 0.2845
30 0.03 0.281
31 0.0335 0.275
32 0.0365 0.265
33 0.038 0.255
34 0.038 0.24
35 0.038 0.22
36 0.038 0.2
37 0.038 0.18
38 0.038 0.16
39 0.038 0.14
40 0.038 0.12
41 0.038 0.1
42 0.04 0.1
43 0.045 0.1
1 0 0.1
2 0.005 0.1
3 0.0075 0.1185
4 0.01 0.137
5 0.0125 0.1555
6 0.015 0.174
7 0.0175 0.1925
8 0.02 0.211
9 0.0225 0.2295
10 0.025 0.248
11 0.0275 0.2665
12 0.03 0.285
13 0.0325 0.2665
14 0.035 0.248
15 0.0375 0.2295
16 0.04 0.211
17 0.0425 0.1925
18 0.045 0.174
19 0.04 0.174
20 0.035 0.174
21 0.03 0.174
22 0.025 0.174
23 0.02 0.174
24 0.015 0.174
25 0.02 0.174
26 0.025 0.174
27 0.03 0.174
28 0.035 0.174
29 0.04 0.174
30 0.045 0.174
31 0.0475 0.1555
32 0.05 0.137
33 0.0525 0.1185
34 0.055 0.1
1 0 0.1
2 0.005 0.1
3 0.005 0.11
4 0.005 0.12
5 0.005 0.13
6 0.005 0.14
7 0.005 0.15
8 0.005 0.16
9 0.005 0.17
10 0.005 0.18
11 0.005 0.19
12 0.005 0.2
13 0.005 0.21
14 0.005 0.22
15 0.005 0.23
16 0.005 0.24
17 0.005 0.25
18 0.005 0.26
19 0.005 0.27
20 0.005 0.28
21 0.005 0.285
22 0.009 0.285
23 0.013 0.285
24 0.017 0.285
25 0.021 0.285
26 0.025 0.285
27 0.027 0.284
28 0.03 0.281
29 0.033 0.275
30 0.035 0.271
31 0.037 0.265
32 0.039 0.255
33 0.041 0.245
34 0.041 0.24
35 0.039 0.23
36 0.037 0.22
37 0.035 0.214
38 0.033 0.21
39 0.03 0.204
40 0.027 0.201
41 0.025 0.2
42 0.021 0.2
43 0.017 0.2
44 0.013 0.2
45 0.009 0.2
46 0.005 0.2
47 0.009 0.2
48 0.013 0.2
49 0.017 0.2
50 0.021 0.2
51 0.025 0.2
52 0.027 0.199
53 0.03 0.196
54 0.033 0.19
55 0.035 0.186
56 0.037 0.18
57 0.039 0.17
58 0.041 0.16
59 0.042 0.15
60 0.041 0.14
61 0.039 0.13
62 0.037 0.12
63 0.035 0.114
64 0.033 0.11
65 0.03 0.104
66 0.027 0.101
67 0.025 0.1
68 0.021 0.1
69 0.017 0.1
70 0.013 0.1
71 0.009 0.1
72 0.005 0.1
73 0.009 0.1
74 0.013 0.1
75 0.017 0.1
76 0.021 0.1
77 0.025 0.1
78 0.033 0.1
79 0.038 0.1
80 0.045 0.1
1 0 0.1
2 0.005 0.1
3 0.01 0.1
4 0.015 0.1
5 0.02 0.1
6 0.025 0.1
7 0.03 0.1
8 0.03 0.105
9 0.026 0.1055
10 0.0215 0.109
11 0.018 0.115
12 0.015 0.125
13 0.0125 0.135
14 0.01 0.146
15 0.008 0.16
16 0.006 0.177
17 0.005 0.195
18 0.006 0.213
19 0.008 0.23
20 0.01 0.244
21 0.0125 0.255
22 0.015 0.265
23 0.018 0.275
24 0.0215 0.281
25 0.026 0.2845
26 0.03 0.285
27 0.034 0.2845
28 0.0385 0.281
29 0.042 0.275
30 0.045 0.265
31 0.0475 0.255
32 0.045 0.265
33 0.042 0.275
34 0.0385 0.281
35 0.034 0.2845
36 0.03 0.285
37 0.026 0.2845
38 0.0215 0.281
39 0.018 0.275
40 0.015 0.265
41 0.0125 0.255
42 0.01 0.244
43 0.008 0.23
44 0.006 0.213
45 0.005 0.195
46 0.006 0.177
47 0.008 0.16
48 0.01 0.146
49 0.0125 0.135
50 0.015 0.125
51 0.018 0.115
52 0.0215 0.109
53 0.026 0.1055
54 0.03 0.105
55 0.034 0.1055
56 0.0385 0.109
57 0.042 0.115
58 0.045 0.125
59 0.0475 0.135
60 0.045 0.125
61 0.042 0.115
62 0.0385 0.109
63 0.034 0.1055
64 0.03 0.105
65 0.03 0.1
66 0.025 0.1
67 0.022 0.1
68 0.025 0.1
69 0.03 0.1
70 0.035 0.1
71 0.04 0.1
72 0.045 0.1
73 0.05 0.1
1 0 0.1
2 0.005 0.1
3 0.01 0.1
4 0.015 0.1
5 0.02 0.1
6 0.024 0.1055
7 0.0285 0.109
8 0.032 0.115
9 0.035 0.125
10 0.0375 0.135
11 0.04 0.146
12 0.042 0.16
13 0.044 0.177
14 0.045 0.195
15 0.044 0.213
16 0.042 0.23
17 0.04 0.244
18 0.0375 0.255
19 0.035 0.265
20 0.032 0.275
21 0.0285 0.281
22 0.024 0.2845
23 0.02 0.285
24 0.016 0.285
25 0.0115 0.285
26 0.008 0.285
27 0.005 0.28
28 0.005 0.27
29 0.005 0.26
30 0.005 0.25
31 0.005 0.24
32 0.005 0.23
33 0.005 0.22
34 0.005 0.21
35 0.005 0.2
36 0.005 0.19
37 0.005 0.18
38 0.005 0.17
39 0.005 0.16
40 0.005 0.15
41 0.005 0.14
42 0.005 0.13
43 0.005 0.12
44 0.005 0.11
45 0.005 0.1
46 0.01 0.1
47 0.015 0.1
48 0.02 0.1
49 0.025 0.1
50 0.03 0.1
51 0.035 0.1
52 0.04 0.1
53 0.045 0.1
54 0.05 0.1
1 0 0.1
2 0.005 0.1
3 0.005 0.1
4 0.005 0.11
5 0.005 0.12
6 0.005 0.13
7 0.005 0.14
8 0.005 0.15
9 0.005 0.16
10 0.005 0.17
11 0.005 0.18
12 0.005 0.19
13 0.005 0.2
14 0.009 0.2
15 0.005 0.2
16 0.009 0.2
17 0.013 0.2
18 0.017 0.2
19 0.021 0.2
20 0.025 0.2
21 0.029 0.2
22 0.033 0.2
23 0.037 0.2
24 0.033 0.2
25 0.029 0.2
26 0.025 0.2
27 0.021 0.2
28 0.017 0.2
29 0.013 0.2
30 0.005 0.2
31 0.005 0.21
32 0.005 0.22
33 0.005 0.23
34 0.005 0.24
35 0.005 0.25
36 0.005 0.26
37 0.005 0.27
38 0.005 0.28
39 0.005 0.285
40 0.009 0.285
41 0.013 0.285
42 0.017 0.285
43 0.021 0.285
44 0.025 0.285
45 0.029 0.285
46 0.033 0.285
47 0.037 0.285
48 0.037 0.275
49 0.037 0.255
50 0.037 0.275
51 0.033 0.285
52 0.029 0.285
53 0.025 0.285
54 0.021 0.285
55 0.017 0.285
56 0.013 0.285
57 0.009 0.285
58 0.005 0.285
59 0.005 0.28
60 0.005 0.27
61 0.005 0.26
62 0.005 0.25
63 0.005 0.24
64 0.005 0.23
65 0.005 0.22
66 0.005 0.21
67 0.005 0.2
68 0.005 0.19
69 0.005 0.18
70 0.005 0.17
71 0.005 0.16
72 0.005 0.15
73 0.005 0.14
74 0.005 0.13
75 0.005 0.12
76 0.005 0.11
77 0.005 0.1
78 0.009 0.1
79 0.013 0.1
80 0.017 0.1
81 0.021 0.1
82 0.025 0.1
83 0.029 0.1
84 0.033 0.1
85 0.037 0.11
86 0.037 0.13
87 0.037 0.11
88 0.037 0.1
91 0.042 0.1
1 0 0.1
2 0.005 0.1
3 0.005 0.1
4 0.005 0.11
5 0.005 0.12
6 0.005 0.13
7 0.005 0.14
8 0.005 0.15
9 0.005 0.16
10 0.005 0.17
11 0.005 0.18
12 0.005 0.19
13 0.005 0.2
14 0.009 0.2
15 0.005 0.2
16 0.009 0.2
17 0.013 0.2
18 0.017 0.2
19 0.021 0.2
20 0.025 0.2
21 0.029 0.2
22 0.025 0.2
23 0.021 0.2
24 0.017 0.2
25 0.013 0.2
26 0.005 0.2
27 0.005 0.285
28 0.009 0.285
29 0.013 0.285
30 0.017 0.285
31 0.021 0.285
32 0.025 0.285
33 0.029 0.285
34 0.033 0.285
35 0.037 0.285
36 0.033 0.285
37 0.029 0.285
38 0.025 0.285
39 0.021 0.285
40 0.017 0.285
41 0.013 0.285
42 0.009 0.285
43 0.005 0.285
44 0.005 0.28
45 0.005 0.27
46 0.005 0.26
47 0.005 0.25
48 0.005 0.24
49 0.005 0.23
50 0.005 0.22
51 0.005 0.21
52 0.005 0.2
53 0.005 0.19
54 0.005 0.18
55 0.005 0.17
56 0.005 0.16
57 0.005 0.15
58 0.005 0.14
59 0.005 0.13
60 0.005 0.12
61 0.005 0.11
62 0.005 0.1
63 0.009 0.1
64 0.013 0.1
65 0.017 0.1
66 0.021 0.1
67 0.025 0.1
68 0.029 0.1
69 0.033 0.1
70 0.037 0.1
1 0 0.1
2 0.005 0.1
3 0.01 0.1
4 0.015 0.1
5 0.02 0.1
6 0.025 0.1
7 0.025 0.105
8 0.029 0.1055
9 0.0335 0.109
10 0.037 0.115
11 0.04 0.125
12 0.0425 0.135
13 0.045 0.146
14 0.047 0.16
15 0.049 0.177
16 0.05 0.195
17 0.045 0.195
18 0.04 0.195
19 0.035 0.195
20 0.03 0.195
21 0.025 0.195
22 0.03 0.195
23 0.035 0.195
24 0.04 0.195
25 0.045 0.195
26 0.05 0.195
27 0.049 0.177
28 0.047 0.16
29 0.045 0.146
30 0.0425 0.135
31 0.04 0.125
32 0.037 0.115
33 0.0335 0.109
34 0.029 0.1055
35 0.025 0.105
36 0.021 0.1055
37 0.0165 0.109
38 0.013 0.115
39 0.01 0.125
40 0.0075 0.135
41 0.005 0.146
42 0.003 0.16
43 0.001 0.177
44 0 0.195
45 0.001 0.213
46 0.003 0.23
47 0.005 0.244
48 0.0075 0.255
49 0.01 0.265
50 0.013 0.275
51 0.0165 0.281
52 0.021 0.2845
53 0.025 0.285
54 0.029 0.2845
55 0.0335 0.281
56 0.037 0.275
57 0.04 0.265
58 0.037 0.275
59 0.0335 0.281
60 0.029 0.2845
61 0.025 0.285
62 0.021 0.2845
63 0.0165 0.281
64 0.013 0.275
65 0.01 0.265
66 0.0075 0.255
67 0.005 0.244
68 0.003 0.23
69 0.001 0.213
70 0 0.195
71 0.001 0.177
72 0.003 0.16
73 0.005 0.146
74 0.0075 0.135
75 0.01 0.125
76 0.013 0.115
77 0.0165 0.109
78 0.021 0.1055
79 0.025 0.105
80 0.025 0.1
81 0.03 0.1
82 0.035 0.1
83 0.04 0.1
84 0.045 0.1
85 0.05 0.1
86 0.055 0.1
1 0 0.1
2 0.005 0.1
3 0.005 0.11
4 0.005 0.12
5 0.005 0.13
6 0.005 0.14
7 0.005 0.15
8 0.005 0.16
9 0.005 0.17
10 0.005 0.18
11 0.005 0.19
12 0.005 0.2
13 0.009 0.2
14 0.005 0.2
15 0.009 0.2
16 0.013 0.2
17 0.017 0.2
18 0.021 0.2
19 0.025 0.2
20 0.029 0.2
21 0.033 0.2
22 0.037 0.2
23 0.041 0.2
24 0.045 0.2
25 0.045 0.21
26 0.045 0.22
27 0.045 0.23
28 0.045 0.24
29 0.045 0.25
30 0.045 0.26
31 0.045 0.27
32 0.045 0.28
33 0.045 0.285
34 0.045 0.28
35 0.045 0.27
36 0.045 0.26
37 0.045 0.25
38 0.045 0.24
39 0.045 0.23
40 0.045 0.22
41 0.045 0.21
42 0.045 0.2
43 0.041 0.2
44 0.037 0.2
45 0.033 0.2
46 0.029 0.2
47 0.025 0.2
48 0.021 0.2
49 0.017 0.2
50 0.013 0.2
51 0.009 0.2
52 0.005 0.2
53 0.009 0.2
54 0.005 0.2
55 0.005 0.21
56 0.005 0.22
57 0.005 0.23
58 0.005 0.24
59 0.005 0.25
60 0.005 0.26
61 0.005 0.27
62 0.005 0.28
63 0.005 0.285
64 0.005 0.28
65 0.005 0.27
66 0.005 0.26
67 0.005 0.25
68 0.005 0.24
69 0.005 0.23
70 0.005 0.22
71 0.005 0.21
72 0.005 0.2
73 0.005 0.19
74 0.005 0.2
75 0.009 0.2
76 0.005 0.2
77 0.009 0.2
78 0.013 0.2
79 0.017 0.2
80 0.021 0.2
81 0.025 0.2
82 0.029 0.2
83 0.033 0.2
84 0.037 0.2
85 0.041 0.2
86 0.045 0.2
87 0.045 0.19
88 0.045 0.18
89 0.045 0.17
90 0.045 0.16
91 0.045 0.15
92 0.045 0.14
93 0.045 0.13
94 0.045 0.12
95 0.045 0.11
96 0.045 0.1
97 0.05 0.1
1 0 0.1
2 0.005 0.1
3 0.01 0.1
4 0.015 0.1
5 0.02 0.1
6 0.02 0.11
7 0.02 0.12
8 0.02 0.13
9 0.02 0.14
10 0.02 0.15
11 0.02 0.16
12 0.02 0.17
13 0.02 0.18
14 0.02 0.19
15 0.02 0.2
16 0.02 0.21
17 0.02 0.22
18 0.02 0.23
19 0.02 0.24
20 0.02 0.25
21 0.02 0.26
22 0.02 0.27
23 0.02 0.28
24 0.02 0.285
25 0.015 0.285
26 0.01 0.285
27 0.005 0.285
28 0.01 0.285
29 0.015 0.285
30 0.02 0.285
31 0.025 0.285
32 0.03 0.285
33 0.035 0.285
34 0.03 0.285
35 0.025 0.285
36 0.02 0.28
37 0.02 0.27
38 0.02 0.26
39 0.02 0.25
40 0.02 0.24
41 0.02 0.23
42 0.02 0.22
43 0.02 0.21
44 0.02 0.2
45 0.02 0.19
46 0.02 0.18
47 0.02 0.17
48 0.02 0.16
49 0.02 0.15
50 0.02 0.14
51 0.02 0.13
52 0.02 0.12
53 0.02 0.11
54 0.02 0.1
55 0.015 0.11
56 0.01 0.11
57 0.005 0.11
58 0.01 0.11
59 0.015 0.11
60 0.02 0.11
61 0.025 0.11
62 0.03 0.11
63 0.035 0.11
64 0.03 0.11
65 0.025 0.11
66 0.02 0.11
67 0.02 0.1
68 0.025 0.1
69 0.03 0.1
70 0.035 0.1
71 0.04 0.1
1 0 0.1
2 0.005 0.1
3 0.01 0.1
4 0.015 0.1
5 0.02 0.1
6 0.023 0.1
7 0.025 0.101
8 0.028 0.104
9 0.031 0.11
10 0.033 0.114
11 0.035 0.12
12 0.037 0.13
13 0.039 0.14
14 0.04 0.15
15 0.04 0.16
16 0.04 0.17
17 0.04 0.18
18 0.04 0.19
19 0.04 0.2
20 0.04 0.21
21 0.04 0.22
22 0.04 0.23
23 0.04 0.24
24 0.04 0.25
25 0.04 0.26
26 0.04 0.27
27 0.04 0.28
28 0.04 0.285
29 0.04 0.28
30 0.04 0.27
31 0.04 0.26
32 0.04 0.25
33 0.04 0.24
34 0.04 0.23
35 0.04 0.22
36 0.04 0.21
37 0.04 0.2
38 0.04 0.19
39 0.04 0.18
40 0.04 0.17
41 0.04 0.16
42 0.04 0.15
43 0.039 0.14
44 0.037 0.13
45 0.035 0.12
46 0.033 0.114
47 0.031 0.11
48 0.028 0.104
49 0.025 0.101
50 0.023 0.1
51 0.02 0.1
52 0.017 0.1
53 0.015 0.101
54 0.012 0.104
55 0.009 0.11
56 0.007 0.114
57 0.005 0.12
58 0.003 0.13
59 0.001 0.14
60 0 0.15
61 0.001 0.14
62 0.003 0.13
63 0.005 0.12
64 0.007 0.114
65 0.009 0.11
66 0.012 0.104
67 0.015 0.101
68 0.017 0.1
69 0.02 0.1
70 0.025 0.1
71 0.03 0.1
72 0.035 0.1
73 0.04 0.1
74 0.045 0.1
1 0 0.1
2 0.005 0.1
3 0.005 0.1
4 0.005 0.11
5 0.005 0.12
6 0.005 0.13
7 0.005 0.14
8 0.005 0.15
9 0.005 0.16
10 0.005 0.17
11 0.005 0.18
12 0.005 0.19
13 0.005 0.2
14 0.005 0.21
15 0.005 0.22
16 0.005 0.23
17 0.005 0.24
18 0.005 0.25
19 0.005 0.26
20 0.005 0.27
21 0.005 0.28
22 0.005 0.285
23 0.005 0.28
24 0.005 0.27
25 0.005 0.26
26 0.005 0.25
27 0.005 0.24
28 0.005 0.23
29 0.005 0.22
30 0.005 0.21
31 0.005 0.2
32 0.0132 0.2085
33 0.0164 0.217
34 0.0196 0.2255
35 0.0228 0.234
36 0.026 0.2425
37 0.0292 0.251
38 0.0324 0.2595
39 0.0356 0.268
40 0.0388 0.2765
41 0.042 0.285
42 0.0388 0.2765
43 0.0356 0.268
44 0.0324 0.2595
45 0.0292 0.251
46 0.026 0.2425
47 0.0228 0.234
48 0.0196 0.2255
49 0.0164 0.217
50 0.0132 0.2085
51 0.01 0.2
52 0.0132 0.19
53 0.0164 0.18
54 0.0196 0.17
55 0.0228 0.16
56 0.026 0.15
57 0.0292 0.14
58 0.0324 0.13
59 0.0356 0.12
60 0.0388 0.11
61 0.042 0.1
62 0.047 0.1
1 0 0.1
2 0.005 0.1
3 0.005 0.11
4 0.005 0.12
5 0.005 0.13
6 0.005 0.14
7 0.005 0.15
8 0.005 0.16
9 0.005 0.17
10 0.005 0.18
11 0.005 0.19
12 0.005 0.2
13 0.005 0.21
14 0.005 0.22
15 0.005 0.23
16 0.005 0.24
17 0.005 0.25
18 0.005 0.26
19 0.005 0.27
20 0.005 0.28
21 0.005 0.285
22 0.005 0.28
23 0.005 0.27
24 0.005 0.26
25 0.005 0.25
26 0.005 0.24
27 0.005 0.23
28 0.005 0.22
29 0.005 0.21
30 0.005 0.2
31 0.005 0.19
32 0.005 0.18
33 0.005 0.17
34 0.005 0.16
35 0.005 0.15
36 0.005 0.14
37 0.005 0.13
38 0.005 0.12
39 0.005 0.11
40 0.005 0.1
41 0.01 0.1
42 0.015 0.1
43 0.02 0.1
44 0.025 0.1
45 0.03 0.1
46 0.035 0.1
47 0.04 0.1
48 0.045 0.1
49 0.045 0.125
50 0.045 0.14
51 0.045 0.125
52 0.045 0.11
53 0.045 0.1
54 0.04 0.1
55 0.045 0.1
56 0.05 0.1
1 0 0.1
2 0.005 0.1
3 0.005 0.1
4 0.007 0.1185
5 0.009 0.137
6 0.011 0.1555
7 0.013 0.174
8 0.015 0.1925
9 0.017 0.211
10 0.019 0.2295
11 0.021 0.248
12 0.023 0.2665
13 0.025 0.285
14 0.027 0.2665
15 0.029 0.248
16 0.031 0.2295
17 0.033 0.211
18 0.035 0.1925
19 0.037 0.174
20 0.039 0.1555
21 0.041 0.137
22 0.043 0.1185
23 0.045 0.1
24 0.047 0.1185
25 0.049 0.137
26 0.051 0.1555
27 0.053 0.174
28 0.055 0.1925
29 0.057 0.211
30 0.059 0.2295
31 0.061 0.248
32 0.063 0.2665
33 0.065 0.285
34 0.067 0.2665
35 0.069 0.248
36 0.071 0.2295
37 0.073 0.211
38 0.075 0.1925
39 0.077 0.174
40 0.079 0.1555
41 0.081 0.137
42 0.083 0.1185
43 0.085 0.1
44 0.09 0.1
1 0 0.1
2 0.005 0.1
3 0.005 0.11
4 0.005 0.12
5 0.005 0.13
6 0.005 0.14
7 0.005 0.15
8 0.005 0.16
9 0.005 0.17
10 0.005 0.18
11 0.005 0.19
12 0.005 0.2
13 0.005 0.21
14 0.005 0.22
15 0.005 0.23
16 0.005 0.24
17 0.005 0.25
18 0.005 0.26
19 0.005 0.27
20 0.005 0.28
21 0.005 0.285
22 0.01 0.2665
23 0.015 0.248
24 0.02 0.2295
25 0.025 0.211
26 0.03 0.1925
27 0.035 0.174
28 0.04 0.1555
29 0.045 0.137
30 0.05 0.1185
31 0.055 0.1
32 0.055 0.11
33 0.055 0.12
34 0.055 0.13
35 0.055 0.14
36 0.055 0.15
37 0.055 0.16
38 0.055 0.17
39 0.055 0.18
40 0.055 0.19
41 0.055 0.2
42 0.055 0.21
43 0.055 0.22
44 0.055 0.23
45 0.055 0.24
46 0.055 0.25
47 0.055 0.26
48 0.055 0.27
49 0.055 0.28
50 0.055 0.285
51 0.055 0.28
52 0.055 0.27
53 0.055 0.26
54 0.055 0.25
55 0.055 0.24
56 0.055 0.23
57 0.055 0.22
58 0.055 0.21
59 0.055 0.2
60 0.055 0.19
61 0.055 0.18
62 0.055 0.17
63 0.055 0.16
64 0.055 0.15
65 0.055 0.14
66 0.055 0.13
67 0.055 0.12
68 0.055 0.11
69 0.055 0.1
70 0.06 0.1
1 0 0.1
2 0.005 0.1
3 0.01 0.1
4 0.015 0.1
5 0.02 0.1
6 0.025 0.1
7 0.03 0.1
8 0.03 0.105
9 0.034 0.1055
10 0.0385 0.109
11 0.042 0.115
12 0.045 0.125
13 0.0475 0.135
14 0.05 0.146
15 0.052 0.16
16 0.054 0.177
17 0.055 0.195
18 0.054 0.213
19 0.052 0.23
20 0.05 0.244
21 0.0475 0.255
22 0.045 0.265
23 0.042 0.275
24 0.0385 0.281
25 0.034 0.2845
26 0.03 0.285
27 0.026 0.2845
28 0.0215 0.281
29 0.018 0.275
30 0.015 0.265
31 0.0125 0.255
32 0.01 0.244
33 0.008 0.23
34 0.006 0.213
35 0.005 0.195
36 0.006 0.177
37 0.008 0.16
38 0.01 0.146
39 0.0125 0.135
40 0.015 0.125
41 0.018 0.115
42 0.0215 0.109
43 0.026 0.1055
44 0.03 0.105
45 0.03 0.1
46 0.035 0.1
47 0.04 0.1
48 0.045 0.1
49 0.05 0.1
50 0.055 0.1
51 0.06 0.1
1 0 0.1
2 0.005 0.1
3 0.005 0.11
4 0.005 0.12
5 0.005 0.13
6 0.005 0.14
7 0.005 0.15
8 0.005 0.16
9 0.005 0.17
10 0.005 0.18
11 0.005 0.19
12 0.005 0.2
13 0.009 0.2
14 0.013 0.2
15 0.017 0.2
16 0.021 0.2
17 0.025 0.2
18 0.027 0.201
19 0.03 0.204
20 0.033 0.21
21 0.035 0.214
22 0.037 0.22
23 0.039 0.23
24 0.041 0.24
25 0.041 0.245
26 0.039 0.255
27 0.037 0.265
28 0.035 0.271
29 0.033 0.275
30 0.03 0.281
31 0.027 0.284
32 0.025 0.285
33 0.021 0.285
34 0.017 0.285
35 0.013 0.285
36 0.009 0.285
37 0.005 0.285
38 0.005 0.28
39 0.005 0.27
40 0.005 0.26
41 0.005 0.25
42 0.005 0.24
43 0.005 0.23
44 0.005 0.22
45 0.005 0.21
46 0.005 0.2
47 0.005 0.19
48 0.005 0.18
49 0.005 0.17
50 0.005 0.16
51 0.005 0.15
52 0.005 0.14
53 0.005 0.13
54 0.005 0.12
55 0.005 0.11
56 0.005 0.1
57 0.009 0.1
58 0.013 0.1
59 0.017 0.1
60 0.021 0.1
61 0.025 0.1
62 0.029 0.1
63 0.033 0.1
64 0.037 0.1
65 0.041 0.1
66 0.045 0.1
1 0 0.1
2 0.005 0.1
3 0.01 0.1
4 0.015 0.1
5 0.02 0.1
6 0.025 0.1
7 0.03 0.1
8 0.03 0.105
9 0.034 0.1055
10 0.0385 0.109
11 0.042 0.115
12 0.045 0.125
13 0.0475 0.135
14 0.05 0.146
15 0.052 0.16
16 0.054 0.177
17 0.055 0.195
18 0.054 0.213
19 0.052 0.23
20 0.05 0.244
21 0.0475 0.255
22 0.045 0.265
23 0.042 0.275
24 0.0385 0.281
25 0.034 0.2845
26 0.03 0.285
27 0.026 0.2845
28 0.0215 0.281
29 0.018 0.275
30 0.015 0.265
31 0.0125 0.255
32 0.01 0.244
33 0.008 0.23
34 0.006 0.213
35 0.005 0.195
36 0.006 0.177
37 0.008 0.16
38 0.01 0.146
39 0.0125 0.135
40 0.015 0.125
41 0.018 0.115
42 0.0215 0.109
43 0.026 0.1055
44 0.03 0.105
45 0.03 0.1
46 0.035 0.1
47 0.04 0.1
48 0.045 0.1
49 0.047 0.092
50 0.049 0.084
51 0.051 0.076
52 0.045 0.1
53 0.045 0.1
54 0.051 0.076
55 0.049 0.084
56 0.047 0.092
57 0.045 0.1
58 0.043 0.108
59 0.041 0.116
60 0.039 0.124
61 0.037 0.132
62 0.035 0.14
63 0.037 0.132
64 0.039 0.124
65 0.041 0.116
66 0.043 0.108
67 0.045 0.1
68 0.05 0.1
69 0.055 0.1
70 0.06 0.1
1 0 0.1
2 0.005 0.1
3 0.005 0.11
4 0.005 0.12
5 0.005 0.13
6 0.005 0.14
7 0.005 0.15
8 0.005 0.16
9 0.005 0.17
10 0.005 0.18
11 0.005 0.19
12 0.005 0.2
13 0.005 0.21
14 0.005 0.22
15 0.005 0.23
16 0.005 0.24
17 0.005 0.25
18 0.005 0.26
19 0.005 0.27
20 0.005 0.28
21 0.005 0.285
22 0.009 0.285
23 0.013 0.285
24 0.017 0.285
25 0.021 0.285
26 0.025 0.285
27 0.027 0.284
28 0.03 0.281
29 0.033 0.275
30 0.035 0.271
31 0.037 0.265
32 0.039 0.255
33 0.041 0.245
34 0.041 0.24
35 0.039 0.23
36 0.037 0.22
37 0.035 0.214
38 0.033 0.21
39 0.03 0.204
40 0.027 0.201
41 0.025 0.2
42 0.021 0.2
43 0.017 0.2
44 0.013 0.2
45 0.009 0.2
46 0.005 0.2
47 0.009 0.2
48 0.013 0.2
49 0.017 0.2
50 0.021 0.2
51 0.023 0.19
52 0.025 0.18
53 0.027 0.17
54 0.029 0.16
55 0.031 0.15
56 0.033 0.14
57 0.035 0.13
58 0.037 0.12
59 0.039 0.11
60 0.041 0.1
61 0.045 0.1
1 0 0.1
2 0.005 0.1
3 0.01 0.1
4 0.015 0.1
5 0.02 0.1
6 0.025 0.1
7 0.025 0.105
8 0.029 0.1055
9 0.0335 0.109
10 0.037 0.115
11 0.04 0.125
12 0.0415 0.135
13 0.041 0.15
14 0.0385 0.165
15 0.033 0.18
16 0.025 0.195
17 0.017 0.21
18 0.0115 0.225
19 0.009 0.24
20 0.0085 0.255
21 0.01 0.265
22 0.013 0.275
23 0.0165 0.281
24 0.021 0.2845
25 0.025 0.285
26 0.029 0.2845
27 0.0335 0.281
28 0.037 0.275
29 0.04 0.265
30 0.0425 0.255
31 0.04 0.265
32 0.037 0.275
33 0.0335 0.281
34 0.029 0.2845
35 0.025 0.285
36 0.021 0.2845
37 0.0165 0.281
38 0.013 0.275
39 0.01 0.265
40 0.0085 0.255
41 0.009 0.24
42 0.0115 0.225
43 0.017 0.21
44 0.025 0.195
45 0.033 0.18
46 0.0385 0.165
47 0.041 0.15
48 0.0415 0.135
49 0.04 0.125
50 0.037 0.115
51 0.0335 0.109
52 0.029 0.1055
53 0.025 0.105
54 0.021 0.1055
55 0.0165 0.109
56 0.013 0.115
57 0.01 0.125
58 0.0075 0.135
59 0.005 0.146
60 0.0075 0.135
61 0.01 0.125
62 0.013 0.115
63 0.0165 0.109
64 0.021 0.1055
65 0.025 0.105
66 0.025 0.1
67 0.025 0.105
68 0.03 0.1
69 0.035 0.1
70 0.04 0.1
71 0.045 0.1
1 0 0.1
2 0.005 0.1
3 0.01 0.1
4 0.015 0.1
5 0.02 0.1
6 0.025 0.1
7 0.03 0.1
8 0.035 0.1
9 0.035 0.11
10 0.035 0.12
11 0.035 0.13
12 0.035 0.14
13 0.035 0.15
14 0.035 0.16
15 0.035 0.17
16 0.035 0.18
17 0.035 0.19
18 0.035 0.2
19 0.035 0.21
20 0.035 0.22
21 0.035 0.23
22 0.035 0.24
23 0.035 0.25
24 0.035 0.26
25 0.035 0.27
26 0.035 0.28
27 0.035 0.285
28 0.03 0.285
29 0.025 0.285
30 0.02 0.285
31 0.015 0.285
32 0.01 0.285
33 0.005 0.285
34 0.01 0.285
35 0.015 0.285
36 0.02 0.285
37 0.025 0.285
38 0.03 0.285
39 0.035 0.285
40 0.04 0.285
41 0.045 0.285
42 0.05 0.285
43 0.055 0.285
44 0.06 0.285
45 0.065 0.285
46 0.06 0.285
47 0.055 0.285
48 0.05 0.285
49 0.045 0.285
50 0.04 0.285
51 0.035 0.28
52 0.035 0.27
53 0.035 0.26
54 0.035 0.25
55 0.035 0.24
56 0.035 0.23
57 0.035 0.22
58 0.035 0.21
59 0.035 0.2
60 0.035 0.19
61 0.035 0.18
62 0.035 0.17
63 0.035 0.16
64 0.035 0.15
65 0.035 0.14
66 0.035 0.13
67 0.035 0.12
68 0.035 0.11
69 0.035 0.1
70 0.04 0.1
71 0.045 0.1
72 0.05 0.1
73 0.055 0.1
74 0.06 0.1
75 0.065 0.1
1 0 0.1
2 0.005 0.1
3 0.01 0.1
4 0.015 0.1
5 0.02 0.1
6 0.025 0.1
7 0.03 0.1
8 0.03 0.105
9 0.034 0.1055
10 0.0385 0.109
11 0.042 0.115
12 0.045 0.125
13 0.0475 0.135
14 0.05 0.146
15 0.052 0.16
16 0.054 0.177
17 0.055 0.195
18 0.055 0.205
19 0.055 0.215
20 0.055 0.225
21 0.055 0.235
22 0.055 0.245
23 0.055 0.255
24 0.055 0.265
25 0.055 0.275
26 0.055 0.285
27 0.055 0.275
28 0.055 0.265
29 0.055 0.255
30 0.055 0.245
31 0.055 0.235
32 0.055 0.225
33 0.055 0.215
34 0.055 0.205
35 0.055 0.195
36 0.054 0.177
37 0.052 0.16
38 0.05 0.146
39 0.0475 0.135
40 0.045 0.125
41 0.042 0.115
42 0.0385 0.109
43 0.034 0.1055
44 0.03 0.105
45 0.026 0.1055
46 0.0215 0.109
47 0.018 0.115
48 0.015 0.125
49 0.0125 0.135
50 0.01 0.146
51 0.008 0.16
52 0.006 0.177
53 0.005 0.195
54 0.005 0.205
55 0.005 0.215
56 0.005 0.225
57 0.005 0.235
58 0.005 0.245
59 0.005 0.255
60 0.005 0.265
61 0.005 0.275
62 0.005 0.285
63 0.005 0.275
64 0.005 0.265
65 0.005 0.255
66 0.005 0.245
67 0.005 0.235
68 0.005 0.225
69 0.005 0.215
70 0.005 0.205
71 0.005 0.195
72 0.006 0.177
73 0.008 0.16
74 0.01 0.146
75 0.0125 0.135
76 0.015 0.125
77 0.018 0.115
78 0.0215 0.109
79 0.026 0.1055
80 0.03 0.105
81 0.03 0.1
82 0.035 0.1
83 0.04 0.1
84 0.045 0.1
85 0.05 0.1
86 0.055 0.1
87 0.06 0.1
1 0 0.1
2 0.005 0.1
3 0.01 0.1
4 0.015 0.1
5 0.02 0.1
6 0.025 0.1
7 0.03 0.1
8 0.035 0.1
9 0.038 0.1185
10 0.041 0.137
11 0.044 0.1555
12 0.047 0.174
13 0.05 0.1925
14 0.053 0.211
15 0.056 0.2295
16 0.059 0.248
17 0.062 0.2665
18 0.065 0.285
19 0.062 0.2665
20 0.059 0.248
21 0.056 0.2295
22 0.053 0.211
23 0.05 0.1925
24 0.047 0.174
25 0.044 0.1555
26 0.041 0.137
27 0.038 0.1185
28 0.035 0.1
29 0.032 0.1185
30 0.029 0.137
31 0.026 0.1555
32 0.023 0.174
33 0.02 0.1925
34 0.017 0.211
35 0.014 0.2295
36 0.011 0.248
37 0.008 0.2665
38 0.005 0.285
39 0.008 0.2665
40 0.011 0.248
41 0.014 0.2295
42 0.017 0.211
43 0.02 0.1925
44 0.023 0.174
45 0.026 0.1555
46 0.029 0.137
47 0.032 0.1185
48 0.035 0.1
49 0.04 0.1
50 0.045 0.1
51 0.05 0.1
52 0.055 0.1
53 0.06 0.1
54 0.065 0.1
55 0.07 0.1
1 0 0.1
2 0.005 0.1
3 0.01 0.1
4 0.015 0.1
5 0.02 0.1
6 0.025 0.1
7 0.025 0.1
8 0.023 0.1185
9 0.021 0.137
10 0.019 0.1555
11 0.017 0.174
12 0.015 0.1925
13 0.013 0.211
14 0.011 0.2295
15 0.009 0.248
16 0.007 0.2665
17 0.005 0.285
18 0.007 0.2665
19 0.009 0.248
20 0.011 0.2295
21 0.013 0.211
22 0.015 0.1925
23 0.017 0.174
24 0.019 0.1555
25 0.021 0.137
26 0.023 0.1185
27 0.025 0.1
28 0.027 0.1185
29 0.029 0.137
30 0.031 0.1555
31 0.033 0.174
32 0.035 0.1925
33 0.037 0.211
34 0.039 0.2295
35 0.041 0.248
36 0.043 0.2665
37 0.045 0.285
38 0.047 0.2665
39 0.049 0.248
40 0.051 0.2295
41 0.053 0.211
42 0.055 0.1925
43 0.057 0.174
44 0.059 0.1555
45 0.061 0.137
46 0.063 0.1185
47 0.065 0.1
48 0.067 0.1185
49 0.069 0.137
50 0.071 0.1555
51 0.073 0.174
52 0.075 0.1925
53 0.077 0.211
54 0.079 0.2295
55 0.081 0.248
56 0.083 0.2665
57 0.085 0.285
58 0.083 0.2665
59 0.081 0.248
60 0.079 0.2295
61 0.077 0.211
62 0.075 0.1925
63 0.073 0.174
64 0.071 0.1555
65 0.069 0.137
66 0.067 0.1185
67 0.065 0.1
68 0.07 0.1
69 0.075 0.1
70 0.08 0.1
71 0.085 0.1
72 0.09 0.1
1 0 0.1
2 0.005 0.1
3 0.011 0.1185
4 0.017 0.137
5 0.023 0.1555
6 0.029 0.174
7 0.035 0.1925
8 0.041 0.211
9 0.047 0.2295
10 0.053 0.248
11 0.059 0.2665
12 0.065 0.285
13 0.059 0.2665
14 0.053 0.248
15 0.047 0.2295
16 0.041 0.211
17 0.035 0.1925
18 0.029 0.211
19 0.023 0.2295
20 0.017 0.248
21 0.011 0.2665
22 0.005 0.285
23 0.011 0.2665
24 0.017 0.248
25 0.023 0.2295
26 0.029 0.211
27 0.035 0.1925
28 0.041 0.174
29 0.047 0.1555
30 0.053 0.137
31 0.059 0.1185
32 0.065 0.1
33 0.07 0.1
1 0 0.1
2 0.005 0.1
3 0.01 0.1
4 0.015 0.1
5 0.02 0.1
6 0.025 0.1
7 0.03 0.1
8 0.035 0.1
9 0.035 0.11
10 0.035 0.12
11 0.035 0.13
12 0.035 0.14
13 0.035 0.15
14 0.035 0.16
15 0.035 0.17
16 0.035 0.18
17 0.035 0.19
18 0.035 0.1925
19 0.041 0.211
20 0.047 0.2295
21 0.053 0.248
22 0.059 0.2665
23 0.065 0.285
24 0.059 0.2665
25 0.053 0.248
26 0.047 0.2295
27 0.041 0.211
28 0.035 0.1925
29 0.029 0.211
30 0.023 0.2295
31 0.017 0.248
32 0.011 0.2665
33 0.005 0.285
34 0.011 0.2665
35 0.017 0.248
36 0.023 0.2295
37 0.029 0.211
38 0.035 0.1925
39 0.035 0.19
40 0.035 0.18
41 0.035 0.17
42 0.035 0.16
43 0.035 0.15
44 0.035 0.14
45 0.035 0.13
46 0.035 0.12
47 0.035 0.11
48 0.035 0.1
49 0.04 0.1
50 0.045 0.1
51 0.05 0.1
52 0.055 0.1
53 0.06 0.1
54 0.065 0.1
55 0.07 0.1
1 0 0.1
2 0.005 0.1
3 0.011 0.1185
4 0.017 0.137
5 0.023 0.1555
6 0.029 0.174
7 0.035 0.1925
8 0.041 0.211
9 0.047 0.2295
10 0.053 0.248
11 0.059 0.2665
12 0.065 0.285
13 0.055 0.285
14 0.045 0.285
15 0.035 0.285
16 0.025 0.285
17 0.015 0.285
18 0.005 0.285
19 0.015 0.285
20 0.025 0.285
21 0.035 0.285
22 0.045 0.285
23 0.055 0.285
24 0.065 0.285
25 0.059 0.2665
26 0.053 0.248
27 0.047 0.2295
28 0.041 0.211
29 0.035 0.1925
30 0.029 0.174
31 0.023 0.1555
32 0.017 0.137
33 0.011 0.1185
34 0.005 0.102
35 0.015 0.102
36 0.025 0.102
37 0.035 0.102
38 0.045 0.102
39 0.055 0.102
40 0.065 0.102
41 0.065 0.1
42 0.07 0.1
1 0 0.1
2 0.004 0.1
3 0.009 0.1
4 0.014 0.1
5 0.022 0.1
6 0.026 0.1
7 0.03 0.1
8 0.034 0.1
9 0.038 0.1
10 0.038 0.11
11 0.038 0.12
12 0.038 0.13
13 0.038 0.14
14 0.038 0.15
15 0.038 0.16
16 0.038 0.17
17 0.038 0.18
18 0.038 0.19
19 0.038 0.2
20 0.034 0.2
21 0.03 0.2
22 0.026 0.2
23 0.022 0.2
24 0.02 0.199
25 0.017 0.196
26 0.014 0.19
27 0.012 0.186
28 0.01 0.18
29 0.008 0.17
30 0.006 0.16
31 0.005 0.15
32 0.006 0.14
33 0.008 0.13
34 0.01 0.12
35 0.012 0.114
36 0.014 0.11
37 0.017 0.104
38 0.02 0.101
39 0.022 0.1
40 0.026 0.1
41 0.03 0.1
42 0.034 0.1
43 0.043 0.1
1 0 0.1
2 0.005 0.1
3 0.009 0.1
4 0.013 0.1
5 0.017 0.1
6 0.021 0.1
7 0.025 0.1
8 0.027 0.101
9 0.03 0.104
10 0.033 0.11
11 0.035 0.114
12 0.037 0.12
13 0.039 0.13
14 0.041 0.14
15 0.042 0.15
16 0.041 0.16
17 0.039 0.17
18 0.037 0.18
19 0.035 0.186
20 0.033 0.19
21 0.03 0.196
22 0.027 0.199
23 0.025 0.2
24 0.021 0.2
25 0.017 0.2
26 0.013 0.2
27 0.009 0.2
28 0.005 0.2
29 0.005 0.21
30 0.005 0.22
31 0.005 0.23
32 0.005 0.24
33 0.005 0.25
34 0.005 0.26
35 0.005 0.27
36 0.005 0.28
37 0.005 0.285
38 0.005 0.28
39 0.005 0.27
40 0.005 0.26
41 0.005 0.25
42 0.005 0.24
43 0.005 0.23
44 0.005 0.22
45 0.005 0.21
46 0.005 0.2
47 0.005 0.19
48 0.005 0.18
49 0.005 0.17
50 0.005 0.16
51 0.005 0.15
52 0.005 0.14
53 0.005 0.13
54 0.005 0.12
55 0.005 0.11
56 0.005 0.1
57 0.001 0.1
58 0.005 0.1
59 0.009 0.1
60 0.013 0.1
61 0.017 0.1
62 0.021 0.1
63 0.025 0.1
64 0.033 0.1
65 0.038 0.1
66 0.045 0.1
1 0 0.1
2 0.005 0.1
3 0.01 0.1
4 0.015 0.1
5 0.022 0.1
6 0.02 0.101
7 0.017 0.104
8 0.014 0.11
9 0.012 0.114
10 0.01 0.12
11 0.008 0.13
12 0.006 0.14
13 0.005 0.15
14 0.006 0.16
15 0.008 0.17
16 0.01 0.18
17 0.012 0.186
18 0.014 0.19
19 0.017 0.196
20 0.02 0.199
21 0.022 0.2
22 0.026 0.2
23 0.03 0.2
24 0.034 0.2
25 0.038 0.2
26 0.034 0.2
27 0.03 0.2
28 0.026 0.2
29 0.022 0.2
30 0.02 0.199
31 0.017 0.196
32 0.014 0.19
33 0.012 0.186
34 0.01 0.18
35 0.008 0.17
36 0.006 0.16
37 0.005 0.15
38 0.006 0.14
39 0.008 0.13
40 0.01 0.12
41 0.012 0.114
42 0.014 0.11
43 0.017 0.104
44 0.02 0.101
45 0.022 0.1
46 0.026 0.1
47 0.03 0.1
48 0.034 0.1
49 0.038 0.1
1 0 0.1
2 0.005 0.1
3 0.01 0.1
4 0.015 0.1
5 0.022 0.1
6 0.026 0.1
7 0.03 0.1
8 0.034 0.1
9 0.038 0.1
10 0.042 0.1
11 0.042 0.11
12 0.042 0.12
13 0.042 0.13
14 0.042 0.14
15 0.042 0.15
16 0.042 0.16
17 0.042 0.17
18 0.042 0.18
19 0.042 0.19
20 0.042 0.2
21 0.042 0.21
22 0.042 0.22
23 0.042 0.23
24 0.042 0.24
25 0.042 0.25
26 0.042 0.26
27 0.042 0.27
28 0.042 0.28
29 0.042 0.285
30 0.042 0.28
31 0.042 0.27
32 0.042 0.26
33 0.042 0.25
34 0.042 0.24
35 0.042 0.23
36 0.042 0.22
37 0.042 0.21
38 0.042 0.2
39 0.038 0.2
40 0.034 0.2
41 0.03 0.2
42 0.026 0.2
43 0.022 0.2
44 0.02 0.199
45 0.017 0.196
46 0.014 0.19
47 0.012 0.186
48 0.01 0.18
49 0.008 0.17
50 0.006 0.16
51 0.005 0.15
52 0.006 0.14
53 0.008 0.13
54 0.01 0.12
55 0.012 0.114
56 0.014 0.11
57 0.017 0.104
58 0.02 0.101
59 0.022 0.1
60 0.026 0.1
61 0.03 0.1
62 0.034 0.1
63 0.038 0.1
64 0.042 0.1
65 0.047 0.1
1 0 0.1
2 0.005 0.1
3 0.01 0.1
4 0.015 0.1
5 0.022 0.1
6 0.02 0.101
7 0.017 0.104
8 0.014 0.11
9 0.012 0.114
10 0.01 0.12
11 0.0075 0.13
12 0.006 0.14
13 0.00555 0.15
14 0.0105 0.15
15 0.015 0.15
16 0.0195 0.15
17 0.024 0.15
18 0.028 0.15
19 0.0305 0.15
20 0.035 0.15
21 0.0395 0.15
22 0.044 0.15
23 0.0425 0.16
24 0.0415 0.17
25 0.039 0.18
26 0.037 0.186
27 0.035 0.19
28 0.032 0.196
29 0.029 0.199
30 0.026 0.2
31 0.022 0.2
32 0.02 0.199
33 0.017 0.196
34 0.014 0.19
35 0.012 0.186
36 0.01 0.18
37 0.0075 0.17
38 0.006 0.16
39 0.006 0.14
40 0.0075 0.13
41 0.01 0.12
42 0.012 0.114
43 0.014 0.11
44 0.017 0.104
45 0.02 0.101
46 0.026 0.1
47 0.03 0.1
48 0.034 0.1
49 0.038 0.1
50 0.042 0.1
51 0.048 0.1
1 0 0.1
2 0.005 0.1
3 0.01 0.1
4 0.015 0.1
5 0.02 0.1
6 0.025 0.1
7 0.025 0.11
8 0.025 0.12
9 0.025 0.13
10 0.025 0.14
11 0.025 0.15
12 0.025 0.16
13 0.025 0.17
14 0.025 0.18
15 0.025 0.19
16 0.025 0.2
17 0.03 0.2
18 0.035 0.2
19 0.04 0.2
20 0.0475 0.2
21 0.04 0.2
22 0.035 0.2
23 0.03 0.2
24 0.025 0.2
25 0.02 0.2
26 0.015 0.2
27 0.01 0.2
28 0.0025 0.2
29 0.01 0.2
30 0.015 0.2
31 0.02 0.2
32 0.025 0.2
33 0.025 0.21
34 0.025 0.22
35 0.025 0.23
36 0.026 0.245
37 0.0275 0.255
38 0.03 0.265
39 0.032 0.271
40 0.034 0.275
41 0.037 0.281
42 0.04 0.284
43 0.042 0.285
44 0.046 0.285
45 0.05 0.285
46 0.046 0.285
47 0.042 0.285
48 0.04 0.284
49 0.037 0.281
50 0.034 0.275
51 0.032 0.271
52 0.03 0.265
53 0.0275 0.255
54 0.026 0.245
55 0.025 0.23
56 0.025 0.22
57 0.025 0.21
58 0.025 0.2
59 0.025 0.19
60 0.025 0.18
61 0.025 0.17
62 0.025 0.16
63 0.025 0.15
64 0.025 0.14
65 0.025 0.13
66 0.025 0.12
67 0.025 0.11
68 0.025 0.1
69 0.03 0.1
70 0.035 0.1
71 0.04 0.1
72 0.045 0.1
73 0.05 0.1
74 0.055 0.1
1 0 0.1
2 0.005 0.1
3 0.01 0.1
4 0.015 0.1
5 0.02 0.1
6 0.026 0.1
7 0.03 0.1
8 0.034 0.1
9 0.038 0.1
10 0.038 0.09
11 0.038 0.08
12 0.038 0.07
13 0.038 0.06
14 0.037 0.045
15 0.0355 0.035
16 0.033 0.025
17 0.031 0.019
18 0.029 0.015
19 0.026 0.009
20 0.023 0.006
21 0.021 0.005
22 0.017 0.005
23 0.013 0.005
24 0.009 0.005
25 0.013 0.005
26 0.017 0.005
27 0.021 0.005
28 0.023 0.006
29 0.026 0.009
30 0.029 0.015
31 0.031 0.019
32 0.033 0.025
33 0.0355 0.035
34 0.037 0.045
35 0.038 0.06
36 0.038 0.07
37 0.038 0.08
38 0.038 0.09
39 0.038 0.1
40 0.038 0.11
41 0.038 0.12
42 0.038 0.13
43 0.038 0.14
44 0.038 0.15
45 0.038 0.16
46 0.038 0.17
47 0.038 0.18
48 0.038 0.19
49 0.038 0.2
50 0.034 0.2
51 0.03 0.2
52 0.026 0.2
53 0.022 0.2
54 0.02 0.199
55 0.017 0.196
56 0.014 0.19
57 0.012 0.186
58 0.01 0.18
59 0.008 0.17
60 0.006 0.16
61 0.005 0.15
62 0.006 0.14
63 0.008 0.13
64 0.01 0.12
65 0.012 0.114
66 0.014 0.11
67 0.017 0.104
68 0.02 0.101
69 0.022 0.1
70 0.026 0.1
71 0.03 0.1
72 0.034 0.1
73 0.042 0.1
1 0 0.1
2 0.005 0.1
3 0.005 0.11
4 0.005 0.12
5 0.005 0.13
6 0.005 0.14
7 0.005 0.15
8 0.005 0.16
9 0.005 0.17
10 0.005 0.18
11 0.005 0.19
12 0.005 0.2
13 0.005 0.21
14 0.005 0.22
15 0.005 0.23
16 0.005 0.24
17 0.005 0.25
18 0.005 0.26
19 0.005 0.27
20 0.005 0.28
21 0.005 0.28
22 0.005 0.285
23 0.005 0.27
24 0.005 0.26
25 0.005 0.25
26 0.005 0.24
27 0.005 0.23
28 0.005 0.22
29 0.005 0.21
30 0.005 0.2
31 0.005 0.18
32 0.006 0.185
33 0.009 0.189
34 0.014 0.195
35 0.019 0.2
36 0.025 0.2
37 0.03 0.195
38 0.035 0.189
39 0.038 0.185
40 0.039 0.18
41 0.039 0.17
42 0.039 0.16
43 0.039 0.15
44 0.039 0.14
45 0.039 0.13
46 0.039 0.12
47 0.039 0.11
48 0.039 0.1
49 0.044 0.1
1 0 0.1
2 0.005 0.1
3 0.005 0.11
4 0.005 0.12
5 0.005 0.13
6 0.005 0.14
7 0.005 0.15
8 0.005 0.16
9 0.005 0.17
10 0.005 0.18
11 0.005 0.19
12 0.005 0.2
13 0.005 0.19
14 0.005 0.18
15 0.005 0.17
16 0.005 0.16
17 0.005 0.15
18 0.005 0.14
19 0.005 0.13
20 0.005 0.12
21 0.005 0.11
22 0.005 0.1
23 0.01 0.1
1 0 0.1
2 0.005 0.1
3 0.01 0.1
4 0.015 0.1
5 0.02 0.1
6 0.025 0.1
7 0.029 0.1
8 0.029 0.11
10 0.029 0.12
11 0.029 0.13
12 0.029 0.14
13 0.029 0.15
14 0.029 0.16
15 0.029 0.17
16 0.029 0.18
17 0.029 0.19
18 0.029 0.2
19 0.029 0.19
20 0.029 0.18
21 0.029 0.17
22 0.029 0.16
23 0.029 0.15
24 0.029 0.14
25 0.029 0.13
26 0.029 0.12
27 0.029 0.11
28 0.029 0.1
29 0.029 0.09
30 0.029 0.08
31 0.029 0.07
32 0.029 0.06
33 0.028 0.045
34 0.0265 0.035
35 0.024 0.025
36 0.022 0.019
37 0.02 0.015
38 0.017 0.009
39 0.014 0.006
40 0.012 0.005
41 0.008 0.005
42 0.004 0.005
43 0 0.005
44 0.004 0.005
45 0.008 0.005
46 0.012 0.005
47 0.014 0.006
48 0.017 0.009
49 0.02 0.015
50 0.022 0.019
51 0.024 0.025
52 0.0265 0.035
53 0.028 0.045
54 0.029 0.06
55 0.029 0.07
56 0.029 0.08
57 0.029 0.09
58 0.029 0.1
59 0.026 0.1
60 0.029 0.1
61 0.034 0.1
1 0 0.1
2 0.005 0.1
3 0.005 0.11
4 0.005 0.12
5 0.005 0.13
6 0.005 0.14
7 0.005 0.15
8 0.005 0.16
9 0.005 0.17
10 0.005 0.18
11 0.005 0.19
12 0.005 0.2
13 0.005 0.21
14 0.005 0.22
15 0.005 0.23
16 0.005 0.24
17 0.005 0.25
18 0.005 0.26
19 0.005 0.27
20 0.005 0.28
21 0.005 0.28
22 0.005 0.285
23 0.005 0.27
24 0.005 0.26
25 0.005 0.25
26 0.005 0.24
27 0.005 0.23
28 0.005 0.22
29 0.005 0.21
30 0.005 0.2
31 0.005 0.19
32 0.005 0.18
33 0.005 0.17
34 0.005 0.16
35 0.005 0.15
36 0.010833333 0.157833333
37 0.016666667 0.165666667
38 0.0225 0.1735
39 0.028333333 0.181333333
40 0.034166667 0.189166667
41 0.04 0.197
42 0.034166667 0.189166667
43 0.028333333 0.181333333
44 0.0225 0.1735
45 0.016666667 0.165666667
46 0.010833333 0.157833333
47 0.005 0.15
48 0.010833333 0.141666667
49 0.016666667 0.133333333
50 0.0225 0.125
51 0.028333333 0.116666667
52 0.034166667 0.108333333
53 0.04 0.1
54 0.045 0.1
1 0 0.1
2 0.005 0.1
3 0.005 0.11
4 0.005 0.12
5 0.005 0.13
6 0.005 0.14
7 0.005 0.15
8 0.005 0.16
9 0.005 0.17
10 0.005 0.18
11 0.005 0.19
12 0.005 0.2
13 0.005 0.21
14 0.005 0.22
15 0.005 0.23
16 0.005 0.24
17 0.005 0.25
18 0.005 0.26
19 0.005 0.27
20 0.005 0.28
21 0.005 0.28
22 0.005 0.285
23 0.005 0.27
24 0.005 0.26
25 0.005 0.25
26 0.005 0.24
27 0.005 0.23
28 0.005 0.22
29 0.005 0.21
30 0.005 0.2
31 0.005 0.19
32 0.005 0.18
33 0.005 0.17
34 0.005 0.16
35 0.005 0.15
36 0.005 0.14
37 0.005 0.13
38 0.005 0.12
39 0.005 0.11
40 0.005 0.1
41 0.01 0.1
1 0 0.1
2 0.005 0.1
3 0.005 0.11
4 0.005 0.12
5 0.005 0.13
6 0.005 0.14
7 0.005 0.15
8 0.005 0.16
9 0.005 0.17
10 0.005 0.18
11 0.005 0.19
12 0.009 0.193
13 0.015 0.196
14 0.019 0.198
15 0.023 0.198
16 0.027 0.196
17 0.033 0.193
18 0.036 0.19
19 0.037 0.18
20 0.037 0.17
21 0.037 0.16
22 0.037 0.15
23 0.037 0.14
24 0.037 0.13
25 0.037 0.12
26 0.037 0.11
27 0.037 0.0975
28 0.037 0.11
29 0.037 0.12
30 0.037 0.13
31 0.037 0.14
32 0.037 0.15
33 0.037 0.16
34 0.037 0.17
35 0.037 0.18
36 0.038 0.19
37 0.041 0.193
38 0.047 0.196
39 0.051 0.198
40 0.055 0.198
41 0.059 0.196
42 0.065 0.193
43 0.068 0.19
44 0.069 0.18
45 0.069 0.17
46 0.069 0.16
47 0.069 0.15
48 0.069 0.14
49 0.069 0.13
50 0.069 0.12
51 0.069 0.11
52 0.069 0.1
53 0.074 0.1
1 0 0.1
2 0.005 0.1
3 0.005 0.11
4 0.005 0.12
5 0.005 0.13
6 0.005 0.14
7 0.005 0.15
8 0.005 0.16
9 0.005 0.17
10 0.005 0.18
11 0.005 0.19
12 0.009 0.193
13 0.015 0.196
14 0.019 0.198
15 0.023 0.198
16 0.027 0.196
17 0.033 0.193
18 0.036 0.19
19 0.037 0.18
20 0.037 0.17
21 0.037 0.16
22 0.037 0.15
23 0.037 0.14
24 0.037 0.13
25 0.037 0.12
26 0.037 0.11
27 0.037 0.1
28 0.042 0.1
1 0 0.1
2 0.005 0.1
3 0.01 0.1
4 0.015 0.1
5 0.02 0.1
6 0.025 0.1
7 0.03 0.1
8 0.035 0.1
9 0.038 0.1
10 0.04 0.101
11 0.043 0.104
12 0.046 0.11
13 0.048 0.114
14 0.05 0.12
15 0.052 0.13
16 0.054 0.14
17 0.055 0.15
18 0.054 0.16
19 0.052 0.17
20 0.05 0.18
21 0.048 0.186
22 0.046 0.19
23 0.043 0.196
24 0.04 0.199
25 0.038 0.2
26 0.034 0.2
27 0.03 0.2
28 0.026 0.2
29 0.022 0.2
30 0.02 0.199
31 0.017 0.196
32 0.014 0.19
33 0.012 0.186
34 0.01 0.18
35 0.008 0.17
36 0.006 0.16
37 0.005 0.15
38 0.006 0.14
39 0.008 0.13
40 0.01 0.12
41 0.012 0.114
42 0.014 0.11
43 0.017 0.104
44 0.02 0.101
45 0.022 0.1
46 0.025 0.1
47 0.03 0.1
48 0.035 0.1
49 0.04 0.1
50 0.045 0.1
51 0.05 0.1
52 0.055 0.1
53 0.06 0.1
1 0 0.1
2 0.005 0.1
3 0.005 0.09
4 0.005 0.08
5 0.005 0.07
6 0.005 0.06
7 0.005 0.05
8 0.005 0.04
9 0.005 0.03
10 0.005 0.02
11 0.005 0.01
12 0.005 0.05
13 0.005 0.01
14 0.005 0.02
15 0.005 0.03
16 0.005 0.04
17 0.005 0.05
18 0.005 0.06
19 0.005 0.07
20 0.005 0.08
21 0.005 0.09
22 0.009 0.1
23 0.013 0.1
24 0.017 0.1
25 0.021 0.1
26 0.023 0.101
27 0.026 0.104
28 0.029 0.11
29 0.031 0.114
30 0.033 0.12
31 0.035 0.13
32 0.037 0.14
33 0.038 0.15
34 0.037 0.16
35 0.035 0.17
36 0.033 0.18
37 0.031 0.186
38 0.029 0.19
39 0.026 0.196
40 0.023 0.199
41 0.021 0.2
42 0.017 0.2
43 0.013 0.2
44 0.009 0.2
45 0.005 0.2
46 0.005 0.19
47 0.005 0.18
48 0.005 0.17
49 0.005 0.16
50 0.005 0.15
51 0.005 0.14
52 0.005 0.13
53 0.005 0.12
54 0.005 0.11
55 0.005 0.1
56 0.009 0.1
57 0.013 0.1
58 0.017 0.1
59 0.021 0.1
60 0.029 0.1
61 0.034 0.1
62 0.039 0.1
63 0.043 0.1
1 0 0.1
2 0.005 0.1
3 0.01 0.1
4 0.015 0.1
5 0.022 0.1
6 0.026 0.1
7 0.03 0.1
8 0.034 0.1
9 0.038 0.1
10 0.038 0.09
11 0.038 0.08
12 0.038 0.07
13 0.038 0.06
14 0.039 0.045
15 0.0405 0.035
16 0.043 0.025
17 0.045 0.019
18 0.047 0.015
19 0.05 0.009
20 0.053 0.006
21 0.055 0.005
22 0.059 0.005
23 0.063 0.005
24 0.067 0.005
25 0.063 0.005
26 0.059 0.005
27 0.055 0.005
28 0.053 0.006
29 0.05 0.009
30 0.047 0.015
31 0.045 0.019
32 0.043 0.025
33 0.0405 0.035
34 0.039 0.045
35 0.038 0.06
36 0.038 0.07
37 0.038 0.08
38 0.038 0.09
39 0.038 0.1
40 0.038 0.11
41 0.038 0.12
42 0.038 0.13
43 0.038 0.14
44 0.038 0.15
45 0.038 0.16
46 0.038 0.17
47 0.038 0.18
48 0.038 0.19
49 0.038 0.2
50 0.034 0.2
51 0.03 0.2
52 0.026 0.2
53 0.022 0.2
54 0.02 0.199
55 0.017 0.196
56 0.014 0.19
57 0.012 0.186
58 0.01 0.18
59 0.008 0.17
60 0.006 0.16
61 0.005 0.15
62 0.006 0.14
63 0.008 0.13
64 0.01 0.12
65 0.012 0.114
66 0.014 0.11
67 0.017 0.104
68 0.02 0.101
69 0.022 0.1
70 0.026 0.1
71 0.03 0.1
72 0.034 0.1
73 0.042 0.1
74 0.048 0.1
75 0.054 0.1
76 0.06 0.1
77 0.065 0.1
78 0.072 0.1
1 0 0.1
2 0.005 0.1
3 0.005 0.11
4 0.005 0.12
5 0.005 0.13
6 0.005 0.14
7 0.005 0.15
8 0.005 0.16
9 0.005 0.17
10 0.005 0.18
11 0.005 0.19
12 0.005 0.2
13 0.005 0.19
14 0.005 0.21
15 0.005 0.215
16 0.005 0.21
17 0.005 0.19
18 0.009 0.193
19 0.015 0.196
20 0.019 0.199
21 0.023 0.2
22 0.027 0.199
23 0.031 0.196
24 0.035 0.19
25 0.031 0.196
26 0.027 0.199
27 0.023 0.2
28 0.019 0.199
29 0.015 0.196
30 0.009 0.193
31 0.005 0.19
32 0.005 0.18
33 0.005 0.17
34 0.005 0.16
35 0.005 0.15
36 0.005 0.14
37 0.005 0.13
38 0.005 0.12
39 0.005 0.11
40 0.005 0.1
41 0.01 0.1
42 0.015 0.1
43 0.02 0.1
44 0.025 0.1
45 0.03 0.1
46 0.035 0.1
47 0.04 0.1
1 0 0.1
2 0.005 0.1
3 0.01 0.1
4 0.015 0.1
5 0.02 0.1
6 0.025 0.1
7 0.03 0.1
8 0.033 0.1
9 0.035 0.101
10 0.038 0.104
11 0.041 0.11
12 0.043 0.114
13 0.045 0.12
14 0.0445 0.126
15 0.043 0.13
16 0.039 0.135
17 0.035 0.14
18 0.03 0.145
19 0.025 0.15
20 0.02 0.155
21 0.015 0.16
22 0.011 0.165
23 0.007 0.17
24 0.006 0.179
25 0.007 0.186
26 0.009 0.19
27 0.012 0.196
28 0.015 0.199
29 0.017 0.2
30 0.021 0.2
31 0.025 0.2
32 0.029 0.2
33 0.033 0.2
34 0.035 0.199
35 0.038 0.196
36 0.041 0.19
37 0.043 0.186
38 0.041 0.19
39 0.038 0.196
40 0.035 0.199
41 0.033 0.2
42 0.029 0.2
43 0.025 0.2
44 0.021 0.2
45 0.017 0.2
46 0.015 0.199
47 0.012 0.196
48 0.009 0.19
49 0.007 0.186
50 0.006 0.179
51 0.007 0.17
52 0.011 0.165
53 0.015 0.16
54 0.02 0.155
55 0.025 0.15
56 0.03 0.145
57 0.035 0.14
58 0.039 0.135
59 0.043 0.13
60 0.0445 0.126
61 0.045 0.12
62 0.043 0.114
63 0.041 0.11
64 0.038 0.104
65 0.035 0.101
66 0.033 0.1
67 0.03 0.1
68 0.025 0.1
69 0.02 0.1
70 0.017 0.1
71 0.015 0.101
72 0.012 0.104
73 0.009 0.11
74 0.007 0.114
75 0.0035 0.12
76 0.007 0.114
77 0.009 0.11
78 0.012 0.104
79 0.015 0.101
80 0.017 0.1
81 0.02 0.1
82 0.025 0.1
83 0.03 0.1
84 0.035 0.1
85 0.04 0.1
86 0.045 0.1
87 0.05 0.1
1 0 0.1
2 0.005 0.1
3 0.01 0.1
4 0.015 0.1
5 0.02 0.1
6 0.022 0.1
7 0.022 0.11
8 0.022 0.12
9 0.022 0.13
10 0.022 0.14
11 0.022 0.15
12 0.022 0.16
13 0.022 0.17
14 0.022 0.18
15 0.022 0.19
16 0.022 0.2
17 0.022 0.21
18 0.022 0.22
19 0.022 0.23
20 0.022 0.235
21 0.022 0.245
22 0.018 0.245
23 0.014 0.245
24 0.01 0.245
25 0.0025 0.245
26 0.01 0.245
27 0.014 0.245
28 0.018 0.245
29 0.022 0.245
30 0.026 0.245
31 0.03 0.245
32 0.034 0.245
33 0.0415 0.245
34 0.034 0.245
35 0.03 0.245
36 0.026 0.245
37 0.022 0.245
38 0.022 0.255
39 0.022 0.265
40 0.022 0.275
41 0.022 0.285
42 0.022 0.275
43 0.022 0.265
44 0.022 0.255
45 0.022 0.245
46 0.022 0.235
47 0.022 0.23
48 0.022 0.22
49 0.022 0.21
50 0.022 0.2
51 0.022 0.19
52 0.022 0.18
53 0.022 0.17
54 0.022 0.16
55 0.022 0.15
56 0.022 0.14
57 0.022 0.13
58 0.022 0.12
59 0.022 0.11
60 0.022 0.1
61 0.027 0.1
62 0.032 0.1
63 0.039 0.1
64 0.045 0.1
1 0 0.1
2 0.005 0.1
3 0.01 0.1
4 0.015 0.1
5 0.02 0.1
6 0.025 0.1
7 0.019 0.102
8 0.015 0.104
9 0.009 0.107
10 0.006 0.11
11 0.005 0.12
12 0.005 0.13
13 0.005 0.14
14 0.005 0.15
15 0.005 0.16
16 0.005 0.17
17 0.005 0.18
18 0.005 0.19
19 0.005 0.2
20 0.005 0.19
21 0.005 0.18
22 0.005 0.17
23 0.005 0.16
24 0.005 0.15
25 0.005 0.14
26 0.005 0.13
27 0.005 0.12
28 0.006 0.11
29 0.009 0.107
30 0.015 0.104
31 0.019 0.102
32 0.023 0.1
33 0.027 0.102
34 0.031 0.104
35 0.037 0.107
36 0.04 0.11
37 0.041 0.11
38 0.041 0.12
39 0.041 0.13
40 0.041 0.14
41 0.041 0.15
42 0.041 0.16
43 0.041 0.17
44 0.041 0.18
45 0.041 0.19
46 0.041 0.2
47 0.041 0.19
48 0.041 0.18
49 0.041 0.17
50 0.041 0.16
51 0.041 0.15
52 0.041 0.14
53 0.041 0.13
54 0.041 0.12
55 0.041 0.11
56 0.041 0.1
57 0.046 0.1
1 0 0.1
2 0.005 0.1
3 0.01 0.1
4 0.015 0.1
5 0.02 0.1
6 0.0275 0.1
7 0.02525 0.11
8 0.023 0.12
9 0.02075 0.13
10 0.0185 0.14
11 0.01625 0.15
12 0.014 0.16
13 0.01175 0.17
14 0.0095 0.18
15 0.00725 0.19
16 0.005 0.2
17 0.00725 0.19
18 0.0095 0.18
19 0.01175 0.17
20 0.014 0.16
21 0.01625 0.15
22 0.0185 0.14
23 0.02075 0.13
24 0.023 0.12
25 0.02525 0.11
26 0.0275 0.1
27 0.02975 0.11
28 0.032 0.12
29 0.03425 0.13
30 0.0365 0.14
31 0.03875 0.15
32 0.041 0.16
33 0.04325 0.17
34 0.0455 0.18
35 0.04775 0.19
36 0.05 0.2
37 0.04775 0.19
38 0.0455 0.18
39 0.04325 0.17
40 0.041 0.16
41 0.03875 0.15
42 0.0365 0.14
43 0.03425 0.13
44 0.032 0.12
45 0.02975 0.11
46 0.0275 0.1
47 0.0325 0.1
48 0.039 0.1
49 0.045 0.1
50 0.05 0.1
51 0.055 0.1
1 0 0.1
2 0.005 0.1
3 0.01 0.1
4 0.015 0.1
5 0.02 0.1
6 0.0185 0.11
7 0.017 0.12
8 0.0155 0.13
9 0.014 0.14
10 0.0125 0.15
11 0.011 0.16
12 0.0095 0.17
13 0.008 0.18
14 0.0065 0.19
15 0.005 0.2
16 0.0065 0.19
17 0.008 0.18
18 0.0095 0.17
19 0.011 0.16
20 0.0125 0.15
21 0.014 0.14
22 0.0155 0.13
23 0.017 0.12
24 0.0185 0.11
25 0.02 0.1
26 0.0215 0.11
27 0.023 0.12
28 0.0245 0.13
29 0.026 0.14
30 0.0275 0.15
31 0.029 0.16
32 0.0305 0.17
33 0.032 0.18
34 0.0335 0.19
35 0.035 0.2
36 0.0365 0.19
37 0.038 0.18
38 0.0395 0.17
39 0.041 0.16
40 0.0425 0.15
41 0.044 0.14
42 0.0455 0.13
43 0.047 0.12
44 0.0485 0.11
45 0.05 0.1
46 0.0515 0.11
47 0.053 0.12
48 0.0545 0.13
49 0.056 0.14
50 0.0575 0.15
51 0.059 0.16
52 0.0605 0.17
53 0.062 0.18
54 0.0635 0.19
55 0.065 0.2
56 0.0635 0.19
57 0.062 0.18
58 0.0605 0.17
59 0.059 0.16
60 0.0575 0.15
61 0.056 0.14
62 0.0545 0.13
63 0.053 0.12
64 0.0515 0.11
65 0.05 0.1
66 0.055 0.1
67 0.06 0.1
68 0.065 0.1
69 0.07 0.1
1 0 0.1
2 0.0045 0.11
3 0.009 0.12
4 0.0135 0.13
5 0.018 0.14
6 0.0225 0.15
7 0.027 0.16
8 0.0315 0.17
9 0.036 0.18
10 0.0405 0.19
11 0.045 0.2
12 0.0405 0.19
13 0.036 0.18
14 0.0315 0.17
15 0.027 0.16
16 0.0225 0.15
17 0.018 0.16
18 0.0135 0.17
19 0.009 0.18
20 0.0045 0.19
21 8.50015E-17 0.2
22 0.0045 0.19
23 0.009 0.18
24 0.0135 0.17
25 0.018 0.16
26 0.0225 0.15
27 0.027 0.14
28 0.0315 0.13
29 0.036 0.12
30 0.0405 0.11
31 0.045 0.1
1 0 0.1
2 0.005 0.1
3 0.01 0.1
4 0.015 0.1
5 0.02 0.1
6 0.0275 0.1
7 0.02525 0.11
8 0.023 0.12
9 0.02075 0.13
10 0.0185 0.14
11 0.01625 0.15
12 0.014 0.16
13 0.01175 0.17
14 0.0095 0.18
15 0.00725 0.19
16 0.005 0.2
17 0.00725 0.19
18 0.0095 0.18
19 0.01175 0.17
20 0.014 0.16
21 0.01625 0.15
22 0.0185 0.14
23 0.02075 0.13
24 0.023 0.12
25 0.02525 0.11
26 0.0275 0.1
27 0.02975 0.11
28 0.032 0.12
29 0.03425 0.13
30 0.0365 0.14
31 0.03875 0.15
32 0.041 0.16
33 0.04325 0.17
34 0.0455 0.18
35 0.04775 0.19
36 0.05 0.2
37 0.04775 0.19
38 0.0455 0.18
39 0.04325 0.17
40 0.041 0.16
41 0.03875 0.15
42 0.0365 0.14
43 0.03425 0.13
44 0.032 0.12
45 0.02975 0.11
46 0.0275 0.1
47 0.02525 0.09
48 0.023 0.08
49 0.02075 0.07
50 0.0185 0.06
51 0.01625 0.05
52 0.014 0.04
53 0.01175 0.03
54 0.014 0.04
53 0.01625 0.05
52 0.0185 0.06
51 0.02075 0.07
50 0.023 0.08
49 0.02525 0.09
48 0.0275 0.1
47 0.0325 0.1
48 0.0375 0.1
49 0.0425 0.1
50 0.0475 0.1
51 0.055 0.1
1 0 0.1
2 0.005 0.1
3 0.0095 0.11
4 0.014 0.12
5 0.0185 0.13
6 0.023 0.14
7 0.0275 0.15
8 0.032 0.16
9 0.0365 0.17
10 0.041 0.18
11 0.0455 0.19
12 0.05 0.2
13 0.045 0.2
14 0.04 0.2
15 0.035 0.2
16 0.03 0.2
17 0.025 0.2
18 0.02 0.2
19 0.015 0.2
20 0.01 0.2
21 0.005 0.2
22 0.01 0.2
23 0.015 0.2
24 0.02 0.2
25 0.025 0.2
26 0.03 0.2
27 0.035 0.2
28 0.04 0.2
29 0.045 0.2
30 0.05 0.2
31 0.0455 0.19
32 0.041 0.18
33 0.0365 0.17
34 0.032 0.16
35 0.0275 0.15
36 0.023 0.14
37 0.0185 0.13
38 0.014 0.12
39 0.0095 0.11
40 0.005 0.1
41 0.01 0.1
42 0.015 0.1
43 0.02 0.1
44 0.025 0.1
45 0.03 0.1
46 0.035 0.1
47 0.04 0.1
48 0.045 0.1
49 0.05 0.1
50 0.055 0.1
1 0 0.1
2 0.0025 0.1
3 0.005 0.1
4 0.0075 0.1
5 0.01 0.1
6 0.0125 0.1
7 0.015 0.1
8 0.0175 0.1
9 0.02 0.1
10 0.0225 0.1
11 0.025 0.1
12 0.0275 0.1
13 0.03 0.1
14 0.0325 0.1
15 0.035 0.1
16 0.0375 0.1
17 0.04 0.1
1 0 0.1
2 0.005 0.1
3 0.01 0.1
1 0 0.1
2 0.005 0.1
3 0.01 0.1
1 0 0.1
2 0.005 0.1
3 0.01 0.1
1 0 0.1
2 0.005 0.1
3 0.01 0.1
1 0 0.1
2 0.005 0.1
3 0.01 0.1
1 0 0.1
2 0.005 0.1
3 0.01 0.1
1 0 0.1
2 0.005 0.1
3 0.01 0.1
1 0 0.1
2 0.005 0.1
3 0.01 0.1
1 0 0.1
2 0.005 0.1
3 0.01 0.1
1 0 0.1
2 0.005 0.1
3 0.01 0.1
1 0 0.1
2 0.005 0.1
3 0.01 0.1
1 0 0.1
2 0.005 0.1
3 0.01 0.1
1 0 0.1
2 0.005 0.1
3 0.01 0.1
1 0 0.1
2 0.005 0.1
3 0.01 0.1
1 0 0.1
2 0.005 0.1
3 0.01 0.1
1 0 0.1
2 0.005 0.1
3 0.01 0.1
1 0 0.1
2 0.005 0.1
3 0.01 0.1
1 0 0.1
2 0.005 0.1
3 0.01 0.1
1 0 0.1
2 0.005 0.1
3 0.01 0.1
1 0 0.1
2 0.005 0.1
3 0.01 0.1
1 0 0.1
2 0.005 0.1
3 0.01 0.1
1 0 0.1
2 0.005 0.1
3 0.01 0.1
1 0 0.1
2 0.005 0.1
3 0.01 0.1
1 0 0.1
2 0.005 0.1
3 0.01 0.1
1 0 0.1
2 0.005 0.1
3 0.01 0.1
1 0 0.1
2 0.005 0.1
3 0.01 0.1
1 0 0.1
2 0.005 0.1
3 0.01 0.1
4 0.011 0.11
5 0.013 0.12
6 0.017 0.11
7 0.018 0.1
8 0.019 0.09
9 0.019 0.08
10 0.017 0.07
11 0.015 0.06
12 0.011 0.05
13 0.005 0.04
14 0.011 0.05
15 0.015 0.06
16 0.017 0.07
17 0.019 0.08
18 0.019 0.09
19 0.018 0.1
20 0.017 0.11
21 0.013 0.12
22 0.017 0.11
23 0.018 0.1
24 0.025 0.1
1 0 0.1
2 0.005 0.1
3 0.01 0.1
4 0.015 0.1
5 0.02 0.1
6 0.025 0.1
7 0.025 0.11
8 0.025 0.12
9 0.025 0.13
10 0.025 0.14
11 0.025 0.15
12 0.025 0.16
13 0.025 0.17
14 0.025 0.18
15 0.025 0.183
16 0.0266 0.188
17 0.028 0.193
18 0.03 0.201
19 0.032 0.21
20 0.034 0.217
21 0.036 0.225
22 0.037 0.23
23 0.038 0.235
24 0.0385 0.24
25 0.0388 0.248
26 0.039 0.255
27 0.0385 0.26
28 0.0375 0.265
29 0.0365 0.27
30 0.0345 0.275
31 0.033 0.279
32 0.031 0.281
33 0.0285 0.2835
34 0.0265 0.2845
35 0.0245 0.285
36 0.0225 0.285
37 0.02 0.2846
38 0.0185 0.2845
39 0.016 0.283
40 0.014 0.281
41 0.012 0.2785
42 0.0105 0.275
43 0.0088 0.27
44 0.0075 0.265
45 0.006 0.26
46 0.005 0.255
47 0.006 0.26
48 0.0075 0.265
49 0.0088 0.27
50 0.0105 0.275
51 0.012 0.2785
52 0.014 0.281
53 0.016 0.283
54 0.0185 0.2845
55 0.02 0.2846
56 0.0225 0.285
57 0.0245 0.285
58 0.0265 0.2845
59 0.0285 0.2835
60 0.031 0.281
61 0.033 0.279
62 0.0345 0.275
63 0.0365 0.27
64 0.0375 0.265
65 0.0385 0.26
66 0.039 0.255
67 0.0388 0.248
68 0.0385 0.24
69 0.038 0.235
70 0.037 0.23
71 0.036 0.225
72 0.034 0.217
73 0.032 0.21
74 0.03 0.201
75 0.028 0.193
76 0.0266 0.188
77 0.025 0.183
78 0.025 0.18
79 0.025 0.175
80 0.025 0.17
81 0.025 0.165
82 0.025 0.16
83 0.025 0.155
84 0.025 0.15
85 0.025 0.145
86 0.025 0.14
87 0.025 0.135
88 0.025 0.13
89 0.025 0.125
90 0.025 0.12
91 0.025 0.115
92 0.025 0.11
93 0.025 0.105
94 0.025 0.1
95 0.02 0.1
96 0.025 0.1
97 0.036 0.1
98 0.033 0.115
99 0.025 0.125
100 0.017 0.115
101 0.014 0.1
102 0.017 0.085
103 0.025 0.075
104 0.033 0.085
105 0.036 0.1
106 0.025 0.1
107 0.03 0.1
108 0.035 0.1
109 0.04 0.1
1 0 0.1
2 0.005 0.1
3 0.0102424 0.101
4 0.015 0.1014992
5 0.0195 0.1014992
6 0.0270613 0.103
7 0.033 0.1045
8 0.038 0.112
9 0.043 0.125
10 0.047 0.1329835
11 0.05 0.140823369
12 0.055 0.155
13 0.061 0.17
14 0.055 0.155
15 0.05 0.140823369
16 0.047 0.1329835
17 0.043 0.125
18 0.038 0.112
19 0.033 0.1045
20 0.0270613 0.103
21 0.0195 0.1014992
22 0.015 0.1014992
23 0.0102424 0.101
24 0.0075 0.108
25 0.006 0.113
26 0.005 0.122
27 0.0045 0.134
28 0.005 0.154
29 0.008 0.17
30 0.014 0.185
31 0.019 0.193
32 0.022 0.198
33 0.029 0.203
34 0.0345 0.210599021
35 0.037 0.22
36 0.039536093 0.231908982
37 0.0415 0.243
38 0.042072601 0.253745793
39 0.042232033 0.264720485
40 0.041213713 0.273658161
41 0.039233481 0.280705695
42 0.0365 0.284
43 0.0315 0.285
44 0.0275 0.285
45 0.0235 0.284
46 0.019365344 0.282
47 0.017289971 0.278848131
48 0.015893478 0.272653222
49 0.01523457 0.26367532
50 0.0148 0.257
51 0.014948816 0.247026652
52 0.0154 0.24
53 0.016994466 0.228474372
54 0.0195 0.213
55 0.024 0.2
56 0.028 0.18
57 0.032 0.16
58 0.035 0.14
59 0.038 0.12
60 0.041 0.1
61 0.045 0.095
62 0.05 0.095
63 0.0545 0.098
64 0.0600326 0.1
65 0.0658603 0.1
1 0 0.1
2 0.006 0.1
3 0.013 0.1
4 0.018 0.1
5 0.023 0.1
6 0.028 0.1
7 0.028 0.1
8 0.028 0.06
9 0.028 0.1
10 0.028 0.13
11 0.028 0.16
12 0.028 0.19
13 0.028 0.22
14 0.028 0.25
15 0.028 0.29
16 0.03 0.29
17 0.03 0.25
18 0.03 0.22
19 0.03 0.19
20 0.03 0.16
21 0.03 0.13
22 0.03 0.1
23 0.03 0.06
24 0.03 0.1
25 0.028 0.1
26 0.028 0.09
27 0.035 0.0855
28 0.0395 0.089
29 0.043 0.095
30 0.046 0.105
31 0.0475 0.115
32 0.047 0.13
33 0.0445 0.145
34 0.039 0.16
35 0.028 0.175
36 0.017 0.19
37 0.0115 0.205
38 0.009 0.22
39 0.0085 0.235
40 0.01 0.245
41 0.013 0.255
42 0.0165 0.261
43 0.021 0.2645
44 0.028 0.265
45 0.035 0.2645
46 0.0395 0.261
47 0.043 0.255
48 0.046 0.245
49 0.0485 0.235
50 0.046 0.245
51 0.043 0.255
52 0.0395 0.261
53 0.035 0.2645
54 0.028 0.265
55 0.021 0.2645
56 0.0165 0.261
57 0.013 0.255
58 0.01 0.245
59 0.0085 0.235
60 0.009 0.22
61 0.0115 0.205
62 0.017 0.19
63 0.028 0.175
64 0.039 0.16
65 0.0445 0.145
66 0.047 0.13
67 0.0475 0.115
68 0.046 0.105
69 0.043 0.095
70 0.0395 0.089
71 0.035 0.0855
72 0.028 0.085
73 0.021 0.0855
74 0.0165 0.089
75 0.013 0.095
76 0.01 0.105
77 0.0075 0.115
78 0.005 0.126
79 0.0075 0.115
80 0.01 0.105
81 0.013 0.095
82 0.0165 0.089
83 0.021 0.0855
84 0.028 0.085
85 0.028 0.1
86 0.033 0.1
87 0.038 0.1
88 0.043 0.1
90 0.048 0.1
91 0.053 0.1
1 0 0.1
2 0.005 0.1
3 0.01 0.1
4 0.015 0.1
5 0.015 0.13
6 0.015 0.16
7 0.015 0.19
8 0.015 0.22
9 0.015 0.25
10 0.015 0.285
11 0.015 0.25
12 0.015 0.22
13 0.015 0.19
14 0.015 0.16
15 0.015 0.13
16 0.015 0.1
17 0.026 0.1
18 0.023 0.115
19 0.015 0.125
20 0.007 0.115
21 0.004 0.1
22 0.007 0.085
23 0.015 0.075
24 0.023 0.085
25 0.026 0.1
26 0.015 0.1
27 0.025 0.1
28 0.03 0.1
1 0 0.1
2 0.005 0.1
3 0.01 0.1
4 0.015 0.1
5 0.02 0.1
6 0.025 0.125
7 0.03 0.15
8 0.035 0.175
9 0.04 0.2
10 0.054 0.175
11 0.051 0.16
12 0.054 0.145
13 0.061 0.135
14 0.068 0.145
15 0.071 0.16
16 0.068 0.175
17 0.061 0.185
18 0.054 0.175
19 0.061 0.185
20 0.04 0.2
21 0.0255 0.22
22 0.018 0.21
23 0.0105 0.22
24 0.0075 0.235
25 0.0105 0.25
26 0.018 0.26
27 0.0255 0.25
28 0.0285 0.235
29 0.0255 0.22
30 0.018 0.21
31 0.0255 0.22
32 0.04 0.2
33 0.045 0.225
34 0.05 0.25
35 0.055 0.275
36 0.05 0.25
37 0.045 0.225
38 0.04 0.2
39 0.035 0.175
40 0.03 0.15
41 0.025 0.125
42 0.02 0.1
43 0.025 0.1
44 0.03 0.1
45 0.035 0.1
46 0.04 0.1
47 0.045 0.1
48 0.05 0.1
49 0.055 0.1
50 0.06 0.1
51 0.065 0.1
52 0.07 0.1
53 0.075 0.1
54 0.08 0.1